      0/29     1.78G   0.07404   0.02097   0.01648    0.1115        40       640   0.02991   0.07878  0.008734   0.00145     0.102   0.02053   0.01625
      1/29     13.4G   0.06514   0.02138   0.01324   0.09976       106       640   0.05257    0.1563    0.0252  0.004584   0.08751   0.02181   0.01296
      2/29     11.6G   0.06183   0.02105  0.008423    0.0913        43       640    0.1013    0.3028   0.07616   0.01583   0.07983   0.02246  0.008594
      3/29     11.6G   0.06055   0.01928  0.005623   0.08545        65       640    0.1224    0.2963    0.0768    0.0163    0.0874   0.02153   0.00692
      4/29     11.6G   0.06022   0.01916  0.004255   0.08364        35       640    0.1832    0.3027    0.1405   0.03654    0.0805    0.0233  0.006794
      5/29     11.6G   0.06071    0.0195  0.004603   0.08482        61       640   0.09994    0.1962   0.08338   0.02056   0.08445   0.02359  0.007417
      6/29     11.6G   0.06073   0.01939  0.004179    0.0843        80       640    0.1702    0.4022    0.1735   0.04299   0.08315   0.02264   0.00578
      7/29     11.6G   0.05967   0.01874  0.003947   0.08236        73       640    0.2052    0.3308    0.1557   0.03903   0.08417   0.02239  0.007174
      8/29     11.6G   0.05825   0.01917  0.003323   0.08074        99       640    0.2597    0.2857    0.1757   0.04402   0.08498   0.02258  0.006256
      9/29     11.6G   0.05618   0.01935  0.003456   0.07898        44       640    0.3511    0.2892     0.235   0.06555   0.08226   0.02329  0.005561
     10/29     11.6G   0.05575   0.01963  0.002867   0.07825        74       640    0.2509    0.2686    0.1844   0.04736    0.0838   0.02464  0.005878
     11/29     11.6G   0.05665   0.01946  0.003032   0.07914        69       640    0.2336    0.2475    0.1456   0.03765   0.08827   0.02301  0.005978
     12/29     11.6G   0.05599   0.01986  0.002998   0.07885        64       640     0.274    0.2777    0.1933   0.05115   0.08987    0.0222  0.006053
     13/29     11.6G    0.0556   0.02026  0.003053   0.07891        64       640    0.2712    0.3125    0.1981   0.05512   0.08093   0.02327  0.005673
     14/29     11.6G   0.05581   0.01949  0.002902    0.0782        67       640    0.2193    0.2801     0.158   0.04171   0.07994   0.02312   0.00577
     15/29     11.6G   0.05465   0.01954  0.002432   0.07662        57       640     0.284    0.3018    0.2115   0.05783   0.07819   0.02365  0.005822
     16/29     11.6G   0.05499   0.01971   0.00239   0.07709        66       640     0.247    0.3313    0.2117    0.0601   0.07746   0.02522  0.004958
     17/29     11.6G   0.05357   0.01991  0.002563   0.07604        68       640    0.2988    0.3627    0.2427   0.06635   0.07946   0.02291  0.004459
     18/29     11.6G   0.05253   0.01975  0.002259   0.07454        64       640    0.2813    0.3442    0.2228   0.06115   0.07804   0.02352  0.005252
     19/29     11.6G   0.05147    0.0197  0.002182   0.07336        57       640    0.2957    0.3635    0.2509   0.07063   0.07583   0.02417  0.005126
     20/29     11.6G   0.05181   0.01988  0.002225   0.07392        45       640    0.3417    0.3305    0.2706   0.07894   0.07657   0.02383  0.004823
     21/29     11.6G   0.05172   0.01985   0.00216   0.07373        61       640    0.3093     0.428     0.286   0.08164   0.07361    0.0241  0.004501
     22/29     11.6G   0.05068    0.0196  0.002317    0.0726        55       640    0.3618    0.3861    0.3186   0.09493   0.07346   0.02444  0.004519
     23/29     11.6G    0.0506    0.0198  0.001926   0.07232       118       640    0.3233    0.4553    0.3167   0.09785   0.07448   0.02428  0.004539
     24/29     11.6G   0.05076   0.01973  0.001804   0.07229        56       640     0.352    0.3768    0.2984   0.09021   0.07499   0.02398  0.004502
     25/29     11.6G    0.0497   0.01973  0.001605   0.07103        50       640    0.3278    0.4153     0.313   0.09292   0.07379   0.02403  0.004402
     26/29     11.6G   0.05027   0.01991  0.001651   0.07183        87       640     0.377    0.3946    0.3111   0.09233   0.07488   0.02381  0.004428
     27/29     11.6G   0.04965   0.01965  0.001594    0.0709        79       640    0.3939    0.4076    0.3431    0.1057   0.07189   0.02443  0.004067
     28/29     11.6G   0.04962   0.02009  0.001478   0.07119        42       640    0.3427    0.4037    0.3187   0.09391   0.07197   0.02433  0.004199
     29/29     11.6G   0.04958   0.01969    0.0016   0.07087        55       640    0.3864    0.4221    0.3569     0.111    0.0716    0.0246  0.004133
